mexquant
439.5739900560316
433.2530080020523
466.998454590052
476.5883013040255
456.20538835406813
467.989461405956
437.35955942548054
438.2977509079239
470.0519010185874
448.14256842864853
432.26293537044575
464.06998656972337
473.2694545293206
444.1288906270199
437.942005088925
438.7267860499507
439.8421687895859
472.0873639983787
440.3501344671922
439.2703212875441
434.8263791948908
478.6380052365572
466.8542440571126
449.77859452537234
459.1290246393138
434.4375098672306
455.95475581657684
463.325466153249
462.1786291717731
432.48333445224256
457.2829737037631
435.06574054249876
434.7238100859737
476.298053038146
460.4962772591332
466.47745612042735
443.0862048203237
449.42543803442396
466.74221251787924
479.23778299924027
449.90561877563897
440.4901577898577
443.5089532931786
469.8695943599139
430.61477384271956
467.34816680548585
440.4545926980445
433.5628148450339
445.3878895115722
459.34451722410677
474.8826951489949
467.45551457035606
443.52685870459334
436.06360743160667
448.7989270526217
436.98360674993864
439.39175128134684
433.92437333858857
452.53441736553754
451.59717246442654
443.71245320210926
442.6388790315805
466.5355585101604
464.83803497442017
443.13985518825075
470.4822109726839
482.07615800251097
478.6076713264433
478.68189298339666
475.7141003718814
474.7421399517067
460.9966126491139
441.5286421564589
475.9562519534158
456.3741968726612
438.7801016137937
449.4618097958205
447.37780263647323
468.5109883635544
467.4588824734425
476.4804592785151
451.5952274776977
443.1530933631286
476.8754063610022
435.4655394029162
441.1645359157044
439.8140112049188
469.4961895023939
449.01134425513044
486.8755541718088
446.6957749998677
470.45478692014365
461.0329151775658
452.9026243233885
442.65205238571656
442.26718342800865
434.2534951650368
435.5433255950878
467.6757230123675
476.607464824892
441.70213026173576
435.9302756309161
449.39963751334153
435.91058182562455
469.084614374161
475.69811959025617
474.31981971335506
451.86526195672565
436.4207282853897
438.7083867882054
431.5051461077479
431.68808071654115
433.0506511824819
433.5175271478307
459.1220331469597
464.1096704281259
445.2030250614094
445.0799514751785
475.7494070587063
454.02821780730403
482.0236317780482
443.13172063296446
464.58761501432105
434.3407099753193
466.36787694860317
479.7605965823942
463.7737660142642
438.14628739395545
433.14689273146627
465.2893408635126
462.6351947572234
434.00057880331997
432.5034454682006
435.12653180931386
456.30802578657074
455.17054533753264
451.7625581513397
442.1741481539866
434.1843033073056
433.20292200149595
449.8722027327535
457.79833655221205
447.01397315251995
475.699184389508
460.8519504133559
435.70313392014555
472.3939944431762
448.0434204797839
448.9950413558526
454.4571998059174
452.86848878164716
463.0056363533237
437.20093609139593
459.1965246380241
477.5436993644988
471.47304158067755
449.0202846042899
475.719107295723
434.0319263967706
471.2899390394673
434.4545412635886
466.4074961360184
469.5600388155652
443.51424436670953
448.106405310328
447.85250850475677
465.32492225795613
477.5578591708193
456.2525038240593
437.5848622335242
465.6198548502621
475.0895242520335
478.61281891940064
446.7022793633421
463.99408080051126
450.55477273487713
468.34847654794237
445.20122672977607
446.2675131251885
432.49250548903706
440.39036319520625
462.123178093528
464.9932025077584
461.72188999156106
462.0786655921479
462.80553922293575
444.873334194033
475.27863906447413
447.78414346814026
444.7621551790751
467.57192781236125
470.62492915766614
464.7799185478869
486.4291994796281
461.11358665075505
445.89877978285114
457.83479886226183
447.9903758560614
470.6200777630283
447.6096169454023
438.70919203933136
467.44631458472037
480.76468872604187
444.81769265881087
476.93974576593416
438.75279828520183
437.0950693018722
479.01722785987414
436.1276514355435
431.6926266147459
442.89604536164506
451.6471158482732
479.93800272762587
459.61524850725567
442.4867185694244
470.75184028743377
438.50913526132956
449.7830361830637
470.32991905602546
433.1136926103104
460.44264444940325
438.8897171228415
487.6041631223596
453.1426203099404
470.63806644627255
433.31561630657677
477.823876574809
466.6462050780427
475.4038440084312
483.94872677932267
472.96940610891426
447.1257438918998
439.76926210884824
480.5471260258203
440.71506866588703
459.92227590039954
484.0241216930232
475.38344161678856
437.8634366907293
434.8642426505299
475.623245737636
471.36926344616074
474.76356226517777
433.92266300340293
437.8375553269301
448.4167305888808
446.15282655826525
456.03995958377436
441.7649039020271
467.43945968714013
484.8723198948904
448.0227628072571
464.15208203763837
471.6631920985109
432.75789829920393
435.613461630263
432.42218839485207
433.42577770981615
436.49340931020475
460.9058735792472
431.73342122024354
451.55490537586405
472.6849464675279
439.50985704787996
482.7117219865594
442.2233127681325
452.12567843803106
438.07885707959593
467.7595753524622
460.8128214638739
444.74553029936385
432.4011447357794
469.59082062828253
469.7021655236219
436.19940901344796
445.54030314144535
434.81626859687407
468.9008574660919
464.0948387160073
445.05007651269364
454.849880915806
475.46267945418015
437.4268789520849
474.5999967165018
486.4708984631946
450.93827792554106
468.48352835536014
473.81111043357157
453.4099809700977
445.56341491205285
484.2802044139965
435.01506266683066
478.52064396613366
455.6602417079492
432.56150130729804
484.03460595670253
432.5113154856781
482.2775763778935
470.32307097628717
455.54827362937937
454.0167167133427
437.4310367397335
470.86914888311617
451.04301022954536
464.50187694865525
439.5180253471748
466.65179169447424
475.85429032806894
467.3669795420865
433.9691787816788
438.5424554919382
439.19962921757775
445.6251418102631
480.82700890088097
484.5845371102694
462.40127228444067
430.4587647069038
470.9076065843805
435.1177394269704
471.14945727166605
454.6563853562689
460.34535550944247
431.9325201151445
472.0924619409986
472.99523990756194
445.20219101555983
442.5637034291343
473.26896314179476
445.9809357287987
469.20084569178147
471.0262529601435
467.1469405219051
461.0777742049413
453.5841408472983
466.7982792546602
432.76809204900303
432.52630163170346
441.8794001226256
440.9891878102118
438.2173305091652
459.12178429484516
446.368881793062
465.2439853333527
464.5284011263567
453.86811544968793
448.5336350597054
479.4753905839153
439.7491745273899
431.78044218987895
433.82761204983274
435.0081066929558
457.32436577335875
441.19636144176826
460.7244993280412
466.24400185886617
466.5914476474311
484.09947974941554
452.1418974191753
436.0276879039951
444.4736174928247
468.292173383291
477.959297702412
480.1895174798409
461.3902364211684
433.84091645462297
438.808205758659
435.3171818994841
449.74476477867006
446.4081408113766
467.92743270953235
455.8002324037441
477.7143905767887
480.3910505629568
462.96422821228407
431.8986679625416
440.6214823790716
444.7684751538429
434.4468333309129
436.14965814947766
456.8404659492286
483.0479771834744
462.44833022672736
470.06610500898375
443.5926549112051
444.546340716764
446.36011078271446
482.51382045900016
464.83197458601313
434.4287327903187
430.9981034482927
434.4183643322827
467.78397178504963
432.76175501179534
478.95320829824084
463.630775485089
464.54468483357994
479.77804580051185
470.79111896787333
446.1059556906422
477.1935268305974
450.50477212117505
435.39534938527254
435.79858494862776
436.39015737900525
459.13591922871615
468.51144212391733
430.9621728171477
431.1705862488593
448.4229312232952
473.9160805853488
462.0421028819067
431.7079831512922
444.5031049549332
450.5074423259785
445.28121571779684
440.2100011579079
467.7297709585014
454.49774701590076
443.54400896899165
432.2390627856624
434.4062243994706
476.37080608027975
449.26272139646943
456.81816434725914
438.13835048076953
435.6961972849834
436.5255397547745
451.91237932153115
443.35929541004504
432.15911911392305
466.4319528352345
451.92348017805443
449.91964821369294
477.26508908397636
469.0731927021211
444.7254003988794
432.206984948721
435.7575727392962
460.6430464410996
447.9882327603457
440.56554236904356
433.89633842298156
442.0437061667524
447.96921835030696
444.4834285585495
436.513974420433
436.61567331806464
444.08294172779193
476.72345353053475
480.1361113546134
480.9651837500827
471.31362520096644
465.39749287178984
481.51175281346
464.6810256947112
435.3974366449479
465.66218176554355
432.56906749999587
440.5838141357485
434.4870862170345
484.1492728498908
433.3726597406252
458.4803169789904
465.9465460254567
430.8586282062341
483.06491061511053
484.1000114780854
484.5636657010516
444.11154637683404
432.12600363312754
450.8217854800364
439.61364009302383
443.7107218768148
458.34609380887076
475.70697587312446
441.54852001435734
441.00743418740456
433.3686150861033
468.07844189148227
469.3573489894601
449.023571525258
480.6980290501587
477.5835405928567
439.1932291129021
438.8493630449076
476.16861843267435
437.83649747918423
476.32050454804966
464.98616352686423
472.2186582824806
466.559147383191
436.93637226598366
479.05850180009975
449.6640643180581
441.7376751730758
434.0482447358796
438.8988914174404
437.64678106670044
440.24724667599594
436.8781915153805
455.20622662477876
435.03866961849644
467.9811439807394
445.6544191924175
450.33150584016664
446.4806186252131
458.94119243044736
433.0685794976892
481.6399489851717
460.150619342794
432.1387426000008
468.25192363742724
480.46568697329894
468.81335681118287
456.5600738492849
485.41892408901083
441.594064960385
445.3600722310425
435.92459478073954
444.5789319100187
435.63562616970864
441.51811965998013
461.2678865017053
461.6802905744232
436.43263098079126
472.4665059362684
456.8083265769211
449.2266277267332
441.89648856866
477.66702774693135
436.29915200192454
479.41844038189043
445.76459836110496
441.6570005083284
441.5621391154849
434.2689146105128
467.8344892144373
465.3207732881646
467.6446591803996
462.47219134745853
434.98455162821256
456.12731772199265
434.40855466668984
466.8924352238895
465.17089094448306
436.0817319150295
432.2081464609408
483.3646518660775
433.35179700708
487.461813975754
458.01179799871306
468.4969094608472
437.8924852005489
471.7344693136761
462.7205280864721
441.33807151335407
434.69780939667896
434.1480353704526
468.1863923370466
467.5524346379144
441.2483176775213
477.7449663179722
455.7673664256721
442.03280572542155
461.57671343452233
475.6493147761166
476.1680654575451
439.2757942269852
459.37652975608273
445.9232023601006
434.05943126397597
440.63655511627974
444.5514199164563
467.0745311983383
464.9100533345118
467.1932044226195
478.78186589507413
449.5089656241047
435.35480899020024
474.44721760801536
461.76484970519624
436.9659280023234
440.74668947101776
463.51234255878705
434.7579394495464
448.05032273398774
447.8682445476074
484.5719029882286
477.670082863185
471.8646721326985
433.7436267990215
459.2508224638105
434.48877978851203
466.5242093142134
450.21913694758297
481.9973852999485
447.26516958357706
448.33217697586247
441.68896063467054
449.57948895585685
440.25182781761805
454.3090119620732
484.76619184988846
474.30610921838854
468.90865824275033
448.6119441713959
434.52623738817033
477.7306768544404
442.8192442094085
450.315452968749
461.0970084488746
484.92989890789164
485.3152321813925
485.12786721109853
484.5811996613739
443.81460613816563
483.4366402483887
453.836729139734
467.7530152387326
475.7774947310252
436.54552092587966
473.5131911753127
445.9975032583323
445.236174553535
438.9196648728321
439.04837986360076
456.3258893314255
437.11388371451136
435.4229089602887
446.0017201832021
456.9057279338162
443.62732489266585
434.3852624411879
462.67894669352
480.97745653173763
436.56920683709313
438.6812735210139
434.02409580421545
437.8027459016845
441.7883716925241
461.2108516714023
450.4848138340272
444.16632430058655
440.31168424804525
466.54533578398997
475.8041815570814
455.21301604893745
480.278151312004
462.4530123477221
433.465742721744
442.26894124041957
449.45426446242436
433.7173188151753
434.61634310738305
464.6431439384125
453.158567400984
446.7684935547105
448.08584331047166
449.2611780362058
440.8616790361375
444.11294048048126
464.51876931316696
436.8821580791679
447.11425354154125
470.3506603281217
476.9281105059491
442.9699047796886
431.90042115714
443.6512490000603
435.9139020682374
443.3593263744283
463.57537411491035
443.55994396568826
484.93723374768865
480.4814051210865
479.7002934998605
473.9502603058294
441.6271757891037
431.5603094700328
440.87669139837965
432.69592571390814
440.92830622369064
461.5149476664718
459.98859368306665
464.2215598513521
476.35446946566753
472.6462034957903
464.1066162516822
436.8498161290711
475.78326902947964
465.4084596713448
465.4428222652533
435.65378828318524
476.71376320307877
445.0138329964694
466.6793685732815
484.3826303907364
436.0499289947096
442.5456138668282
483.0721598111853
431.5608722082545
454.10297262349826
439.22600556817207
434.4873225614273
457.0500266913788
466.211851792002
433.2507164234356
446.625647823362
433.3357671822461
434.61712681367584
453.37379286322914
467.79391114534053
437.83674601792166
439.64049329036754
439.97005060184574
447.55366183911025
436.25190853060377
438.5823669732881
436.19936481708385
465.25758537631293
474.3594646690743
474.17071256912874
434.28346335892456
474.54809123023296
481.85674525675915
435.3459908750868
440.718536883303
436.3362238921627
454.20224672453037
481.1962630410178
460.9154486699111
436.2229769556959
432.16866271604505
483.98121643350817
471.1573801094457
436.54719878348396
478.97280252858025
440.8520181097692
431.94319888015366
483.77523344775284
461.5213621100455
480.34543030632693
468.510115448924
443.59378521620977
437.7970495766373
460.8420676625513
479.64456656445725
433.8677233735982
457.66415643160667
478.7584797298232
435.12350208304747
461.3497460665111
441.33653164960947
432.6038109779439
469.92328389417025
464.1263693555429
480.75312867203303
446.4797991602572
449.87014256315297
435.145314798615
433.85719871709443
435.00302247347486
441.3907839889765
450.4943674684497
449.09654382124876
436.44237359869754
441.84009541046
446.26952124105725
479.22555352741983
478.5739785572443
461.28111382488726
483.75001538817367
453.8387982613982
470.11310332713424
447.2227629302828
464.68225441937784
432.35331046581257
442.0676614266827
486.03270316213343
438.5614996500639
485.9699603513077
471.3846005901279
448.1967577792625
433.30575484854364
455.45099799606794
445.45518037591796
476.81305107187063
461.85051705879977
448.51456940689064
432.0219334825945
434.2328616900436
479.1903999730971
434.2411108452202
466.53971897559586
461.13822870475053
436.86830752778764
436.7484934331559
475.8728207697237
441.8495470886423
461.051652174932
438.96605367187334
472.20675851416013
454.1536820747499
462.7055091073648
438.67067564868256
443.77456871599577
485.0003683871495
432.6223135285602
438.46043544908036
484.8084333862285
477.2196582222456
433.1420145007977
475.27181335652557
446.2832027211218
473.79498683562383
442.9293138050045
483.6320481133557
467.9128406906558
469.7401472233132
470.29645187646156
466.0961451446906
435.1660306421516
459.0602325657261
452.12511441691925
447.00150277936837
464.3931011876483
469.78142260320453
441.5336454427636
480.8634783968538
443.29113126469815
480.1082689340796
440.0370674543701
431.8447330437066
439.79728641360737
435.8595970647454
463.1043165322337
435.9186145975667
433.47392595392853
451.71200794269464
448.98139444043795
477.5175661242314
440.86967864604486
453.748339107268
450.68097826555237
452.5528258711066
473.7778891723006
478.3434536184204
435.71782440958253
446.68804221277094
463.84002060938417
444.40634262136365
444.2233649792173
433.72414329087604
459.14880499789876
434.06653889317977
454.064045500888
465.6936984411341
437.851280839173
467.91292627518146
435.54234552888107
444.30036704231907
440.09491437474423
443.18455099914144
452.6726547730374
445.0870136275246
454.0468470708733
433.1001858138125
464.64977218691763
462.8978041407614
463.09397742482844
448.00413927176464
465.4267883284317
470.62230274405545
463.0934925433586
473.84154956038594
452.10790964236344
448.09778203350686
435.02943913668315
446.7492360827606
451.6977315231922
445.3622813046735
439.1992338831548
448.17811652126943
443.7119504260772
468.0409762718
446.6072662313919
442.74562891762093
452.044118034777
436.984574053957
436.4923100824385
450.9944505769309
465.65087243339633
466.14486454236373
434.40771264252305
476.2070140190629
479.21922224217565
444.5564054474652
434.7662526896781
476.663203770023
435.7588630460026
473.87422729119487
482.40077119621344
438.82947340260733
448.21781706003253
454.6347121179346
435.540345757438
443.1711424405079
454.5144424002711
444.5409398368322
435.2521473882098
463.3133209208663
483.9269146589584
476.17639114392074
480.23969755179456
459.037797988916
462.8988479539435
473.27442849928883
465.12203669545414
468.1628297952873
469.94097358570053
485.11496091242566
447.9129635777197
434.84452549598865
434.7395577431442
438.39070439132354
441.7152421904097
433.95333803046384
434.1582466288344
435.44836110039415
479.67807697616104
475.212047770162
473.2040025662797
463.52759936723413
436.09639849847247
432.8201072285516
436.10698425061355
444.1293087613369
443.09080134366485
432.7805617447108
485.4191163293035
485.0018143786809
434.46048242264135
441.3752457015468
446.02714256514696
435.4759403932022
431.3731808898008
437.78846246377395
438.2379718206045
462.14561329923424
467.128660834876
432.51888354441144
434.3765642453902
436.449241648233
438.43996054865113
441.57343595170715
453.7288072268125
443.5862199590222
465.8935352530391
473.8025484488703
468.57845791228533
441.3414045955111
472.74151720377915
433.7385800831169
441.27409910572453
447.2712231325561
454.2304571472944
466.6091492811506
462.52843674504754
448.534334622918
476.941039548424
433.99336476001605
476.3633266374773
438.7174544220012
443.04814384357684
448.22701710281297
444.65457288931947
434.2822187253527
475.41262413068176
442.49884803767463
455.57929414995056
463.8978404873262
465.9550175222746
443.26432200363683
431.80102724303583
468.2390710035746
433.93051027731997
440.32418250217194
436.56181429462924
434.5994125050871
485.2330618669259
470.9343747323387
460.42135750115784
437.1310156482306
466.21723594936145
441.4626271542112
434.3845637037199
432.96912846484116
476.0848938845342
455.5582334095164
436.1179876645607
438.0802631487645
467.22275318915064
456.2957046347119
437.27154676975385
466.0250528240895
466.1680546145068
431.9733453356498
478.65782198632184
441.9527644013956
467.3730452182249
484.31358355455103
434.037690141404
441.55309774520197
482.45193127750196
443.6989361700245
446.93487457911317
463.97355282374804
430.6893778881968
475.42446122398565
450.4809495544617
447.56742365821407
436.05913036260586
465.4526374816501
437.22964759147294
434.48233992616053
471.5005370923076
433.0236539409115
444.2799040104252
438.5734485406527
447.48175057494063
461.7166258972888
481.427849647231
435.3581242678794
470.8715551418937
463.2664549222677
472.42814815142356
431.8203796472769
487.45742921630193
439.46791019464973
435.0321484765832
441.6608365654233
485.618936409851
478.2363828602564
471.94867250431116
448.9680638179102
436.4169656699145
447.7643403590646
448.46217225409816
455.10948507653575
472.96736989070183
433.9003379004366
436.8572417650298
442.95975940040455
469.862504198004
453.5235257331392
468.8583628305588
446.5632769333889
460.9847877339219
441.4060523107074
482.14302169546926
450.7822272996111
461.4770071738031
433.6453810961822
465.1531432363498
442.79194818823464
438.78376597458544
475.3396965103532
479.99399971333844
452.0906712403778
434.80549558585864
466.85814892682697
434.2426520365217
460.3349445138661
436.14851550352273
461.2982305373679
480.0610819412171
478.96879368968627
452.2974964123494
435.5705766929186
447.1180231752208
464.8462163672324
434.3624619512427
475.7778089342068
477.092141281782
431.1522176756125
465.0428159674205
461.5627319839586
457.3059738354611
473.4329005472352
440.32611401045335
470.5393358434649
451.516392022214
460.4583163809018
445.19035269339867
474.75976525348636
440.81898294247355
471.6230454836542
433.8610748811226
447.3701157193065
469.04332042055444
467.92022596891616
433.1664042922554
439.20265879744846
473.34929595797746
465.22337132618014
444.2540022317262
476.4737170040735
441.48019108337445
460.6951048856929
484.6470461145236
450.61717061097477
460.4650994334023
486.10129969804643
433.3920506872675
465.3940340627468
446.1519230620096
436.7718148965632
440.98150820776686
473.5561530016415
444.36282800433264
450.5533922889156
456.34166664598575
482.08724218370185
456.4309139716494
449.0541666502993
444.9724723978725
432.80048781999125
453.65649962070586
482.1140597955289
434.9607551435737
436.75576417412975
464.44647745181067
447.43865644993116
431.67651085086345
433.17045279198226
433.32162363745624
440.2205611350323
460.14782301372986
442.4869029629662
443.0227848450632
431.1715185054468
439.1495004926539
434.5285761333397
433.7407156059825
433.9772263274266
464.19660434629753
473.94617574032657
457.2660219576932
445.24662794335256
483.3499326648381
446.880655241105
439.4177076720001
432.61569265208107
481.4070852120078
465.0082672807348
441.27466861701123
463.9481294064996
467.28197162659836
441.36045778020133
433.5359482271489
439.7152282337544
442.47950027184083
464.3446012325169
433.29286653302233
437.5030323486272
461.8646877963404
435.90634368752865
463.7565212325994
462.1682596569435
446.18179932066005
435.88075101202764
437.43685295961075
447.131570719744
441.81569262983055
462.74409200481847
446.8384734748811
473.4080680561205
465.15587270416665
449.57890315033785
454.43201704681064
448.19992233021804
436.46639840187277
439.56578285881534
436.1056754812214
458.52207924810295
445.55640877942324
432.35398793417704
483.7734154885982
435.1585932144704
464.7741908579967
437.95991004744906
469.47106471053405
434.4080755689638
469.2574668791993
466.7405894145081
455.2764544680095
470.380133158581
462.18286675035205
431.93054090605585
436.26283403594897
444.66784074127565
450.27501485319283
446.7903735287495
447.8851091289727
478.6625632758055
445.5862578795334
445.5779647728396
476.3628383428173
475.24739502809075
434.30816120081386
442.4730728796692
445.50121738378266
468.2033017286835
438.1094447143454
484.72935450429213
432.6119655195268
442.0186316737244
450.83532995601604
438.25496947416116
448.93077745027284
457.3795491025668
432.4908730511402
441.7346958601336
482.86609567141716
463.92819892625164
452.2983774326143
452.64228593878374
467.12458493089207
443.85425928137454
482.9565334690094
460.00090337188135
481.52128944029965
472.05061012339246
465.98535897618945
435.6836177094947
435.0847714012351
453.64304572579726
441.9198636842759
446.0650031865346
435.31824422708905
467.5174745862478
468.63467402841616
462.8385292789061
431.7915795467793
465.02652870944394
467.8043992874766
432.4302180961671
435.79929062911094
436.41874168090817
465.8931558288846
476.8746316588797
474.71752749194
470.55710313595375
483.07481931281944
482.6172934847709
470.61143662308496
453.0526836811927
466.6265947017829
464.31490144112513
459.72741100961474
440.66887733725525
438.72100691917694
467.18295073881745
437.9972003230572
460.7662565188786
438.0428868996758
473.1055595181164
432.81590480903174
447.0172865887559
475.02805281186977
432.66250873930187
485.21559358604793
458.7986022094526
447.21107739012
482.0135286328781
434.46136832184266
435.19831613100257
451.83646962774833
473.8435374754696
464.5843065601233
449.816499038016
440.9439124026296
445.7795177650453
464.75560985100805
442.6288689829844
438.54775022660124
466.724080455364
440.7826902736415
446.18465275234377
453.1433824259625
469.1170402777234
470.2859262002271
439.1724804874976
484.4365875858714
432.56957318468017
445.98701433484257
461.3173406253707
451.5231259744523
436.58290049159035
449.6448759597014
434.4086713610085
436.2592065979388
485.10887526781386
468.2274707958156
442.914888761689
446.58950487189577
442.04457118005735
471.26167671445194
433.4709198359327
445.3843971173132
438.13399331107394
434.4031983709194
478.61027556335364
443.8825668961093
465.6698151435477
472.6797738575119
448.95384761235147
461.94964732409585
450.3702624061988
478.82705767127084
434.6083601612641
446.4046803020425
462.1931891134735
463.43655767950696
432.7476824847318
486.6572328513361
441.9374831847918
456.11875636980704
480.92935966800644
441.2174995061023
440.26477577286545
454.030380836302
480.83339608621935
455.23047625475533
461.85396045817345
468.73640877520796
457.6180744674069
450.02987472105167
446.89008160667936
473.1055595181164
447.49564172251985
456.2670610836908
450.8735216085727
446.9751045417461
440.0975546822948
432.64359136935354
437.24692745661724
446.39247571037026
432.203174741884
467.67868154483597
485.74910302782405
480.9960559196117
476.90735428274843
448.8601425507338
465.43769046137686
435.257292030619
455.8210364880998
449.2348156985523
444.24304020862576
457.7464810635341
463.8419712903077
442.6445510064092
480.937260846764
467.40292866654386
437.49853646960656
445.06934492486516
481.6166103929571
436.3449229453879
434.4866599559375
472.56853574468437
451.68668122794816
431.5918510545022
454.993784324312
468.4883028672508
451.10647242462414
437.2363037443215
468.8003076171331
440.3873180422812
480.7778727798942
443.9842517296377
448.04475007524405
447.8660525259136
461.61268801969334
461.2907250148363
434.26673340007034
441.783208626074
485.6441417621063
445.2416856818181
433.0977465381674
476.6305591255534
443.89389188833513
482.6374392708921
454.709341889991
479.2829142287176
440.548180204441
462.75146946688045
450.90458385760417
443.2293792205951
483.9993711335629
456.26757361610913
463.5927482828963
474.26890281746853
449.72066829673395
433.4212204626159
462.44475346500656
448.5034756003065
439.16272426925923
440.00116889174905
478.95323030190866
441.8367771160029
467.03914078422906
472.82772294980003
431.2299839395904
455.80207013991026
453.61264145049233
439.525172412707
456.866662962865
483.28008131158344
470.33739717227894
435.555758867735
444.91415188158544
443.1213939382452
440.67910740667344
485.1367388051979
461.15482463604405
443.86391679764716
439.92276973332343
442.70127614379794
465.05245523220117
449.88723192968524
470.5239744303412
453.90578839675084
471.83159333488845
483.94413831024104
443.34791937085583
484.8405100076594
447.77956449092875
456.175286207258
446.49621094421815
433.4408944635091
434.11012942748073
436.4183998911408
479.1526068524951
446.1083516793287
461.5488312929715
433.2766981885081
448.43372289243376
466.2424963011262
449.36379071925046
473.0525170044915
462.12881784789084
439.76747550021696
451.98904788738037
483.58809668029613
467.07285574563645
467.7441598145652
449.71190490652106
480.2040577224762
458.3215081673296
461.0487403494389
483.83693609320375
442.99214608951934
434.95268996521315
468.2792791089702
464.7191631564109
470.6410416568462
452.1992496675672
433.090393526936
461.2985061816844
438.9286681865633
463.6155304939965
468.7800056910659
484.7176172738531
473.50147204968346
433.75378853259616
467.7694935113745
477.9395407687972
432.6911107369684
481.6525490520709
434.6504960263801
478.46774960259717
442.5831761498183
443.50881541300566
439.94489263559285
475.0811998150389
433.0195740442897
475.3806912403659
447.35076085436367
468.2877414479344
433.7834421455156
467.38124300016966
463.0764064064884
435.0200431993158
461.87527830308596
431.96691841358825
457.14908737156765
464.8394702072627
433.17239725949037
437.75089489127447
436.30072984482337
442.296313789001
466.85019314716817
435.46957257368217
451.15706952614426
435.7289558349032
448.9100763852519
455.70916377853814
479.9433694833825
430.9736517907843
476.8640340921783
467.6150175432588
451.1532184853877
476.088731960876
472.07442665844854
464.2550207057807
432.63115830839496
438.5452576283403
450.4940095622427
446.4892818501381
432.8365094048973
440.2355187950967
486.19044418983
475.2712676597123
459.0446515009959
433.34934784355244
449.7922010249257
483.23300985701735
482.33896602921334
443.3857642205157
485.00610907632904
482.4725249022555
449.9916674022304
432.64183406513536
479.82591051968063
464.69426186222836
442.1566311187198
434.66205094827376
434.2217720786184
441.1524311921571
469.76560378240276
433.8194848881478
437.56871846256
481.0042234422836
431.28827199829243
434.9291955485773
470.9056571362876
448.2285117847866
434.8812842681556
432.07037838975594
465.2069619981708
474.521789648255
443.96366487689255
468.67720938683
462.97616418421205
446.3970337201122
480.46558172368134
448.5214664768608
458.21068592545066
466.9642910268228
466.2227154557455
478.48989752867897
465.0830223745079
437.1371746395836
460.9713164427625
471.23460463632193
430.9862131118489
460.08082216559706
431.73288676462744
440.12556528612504
449.3748586662895
477.9991781789637
455.4922599520565
463.8499860049467
477.4886893868865
449.72166203104626
461.61603463812355
433.8152612933084
466.8812041996255
485.87314315116805
439.56371150732355
433.7678248138748
448.52234452365155
449.5721030381312
481.7914263472941
460.36771552901826
436.8498161290711
441.33882628071876
446.8848307513969
468.04892999337244
447.25937022461113
478.1378352325343
439.9267261127069
430.51948948085334
487.3846407229334
439.54016254872556
465.1584965795828
457.7465776028732
444.1438185523475
431.4442911819132
434.94715101797203
450.98492559317793
437.14238495363315
485.31852812851974
451.41226042173923
477.21545177781104
470.52948342436764
458.54281892444436
465.5584908794332
469.1373664978356
437.2248306903617
470.81426114083524
434.8778098152486
453.2070028523232
462.4246414076474
437.17654287274047
435.77835550158306
440.21142202897806
437.26826587911603
445.9248888835767
474.6097095539724
444.8416500821527
451.24055776075846
452.17503730122763
443.9294030081609
463.61348513531027
482.39560404124376
468.7613229367647
467.5439657058386
442.4808842780367
448.39077208987857
443.6447874539016
455.47277575605074
473.26879164707333
470.3359627855474
464.743721860721
442.2565824954471
434.2231588820958
430.5680011142061
470.6334249171414
447.7627358721443
440.4189621351243
451.5413305003764
476.4502000270855
474.49125134185584
470.7121643288559
440.214265960671
471.39706681416163
432.4832674017426
476.9517892771486
462.2186798343338
465.3576078477363
436.69828891513475
466.9640252670798
459.5340559202032
467.9301334226386
466.0660322577495
454.45346569031096
448.6990298850616
433.3903308920229
472.0094010052292
453.3931862143386
441.62790509658583
465.75367197680214
435.3666017700788
432.90439045655694
452.9418488056285
453.5827858866295
468.4384304537149
437.0444518936291
440.737534774819
486.2280121042254
480.3059333396469
480.4097191222642
434.130143927816
437.6269772920001
435.5196505130318
467.66590963621195
455.06663796086116
469.4100455534626
467.5609514481465
432.61300636950875
475.5052552085143
435.26935572499934
438.8952018183917
435.0478245602475
430.4216378674024
479.87759433175927
433.0645749554461
443.9722203375036
477.2853641659568
435.86265798310035
442.65298067084393
442.2674597176526
484.4417021450641
433.2610932896707
468.152026034943
443.3199782877459
447.61820355679004
451.1195483922986
453.290352056184
450.40582306082416
432.2483068979427
434.5789282647327
435.61294074483044
466.5698779928992
461.7667490248933
445.3028235706914
476.3144626550189
450.22713261227113
476.43977535452507
434.1036466129748
469.0227299679402
434.611702785867
460.0490996290298
469.6463017747942
441.4502431028472
475.3101734675832
434.4180490969593
451.2179517628176
480.58803041618387
431.6118834719949
440.2286996846824
478.1948925540148
447.6257152832541
468.37474857414827
466.2903825668065
468.51969547433293
441.08121024320235
449.15500907578615
464.6915708493921
435.78996830686515
469.57852554596474
480.33962375269715
468.0154484128677
434.23726493944025
437.71716462047584
446.8820312830428
446.5553707632442
436.19182226695176
445.1902487450365
433.3107472910929
483.07591958852515
445.39877011146575
464.25175663761576
481.54655639013555
453.997625868909
459.23211224975546
436.1562786450154
452.62743239329177
474.3685744187702
439.85789796750123
444.614814125897
445.2758321198552
441.73540398894556
434.29907294303285
484.37930521434936
475.795470171271
442.72881243068025
436.2804055099684
486.0889991671405
481.726411984336
471.0801031230211
465.82552339164204
485.827680498498
458.1201406202391
458.9436563233767
437.353839781753
476.19419293436937
439.0226601636938
466.4154077495306
438.2152960050253
434.20285468490135
473.78318206089796
468.2586699133311
454.257804487739
484.5911622354756
459.80098999623317
464.6768363934699
432.1933703670319
448.6368182772011
444.7732455545113
432.80308087854735
461.2312465517198
479.9248168555936
483.71215531840846
439.86692764519097
460.8547375194755
477.9924792367078
436.58687678615865
455.7438136778342
457.1736676370879
477.1984559688644
465.3406355367474
432.2627162321167
442.7978478864686
464.6431241017249
439.27423081614324
442.0035420619915
449.28859278121547
441.82537157146214
449.63194666417684
480.83492349981356
464.8648674640849
447.67927465174773
454.10719470672507
433.9713799218322
444.4159765634742
435.2671150781972
449.44039841285996
440.90802518482536
464.5199997816487
446.4356462466875
481.2646389295533
468.6637788186262
454.25478365178833
442.22989348539653
444.98759408451065
465.05581136412036
449.12177771039757
462.0064294336139
439.4682874806056
471.39844260104417
474.425945399033
433.0028770610677
464.619047601531
439.1096298729109
435.22130100591914
460.023731759287
472.5361382286121
438.07447892071787
470.33407331715995
460.4867020265251
436.43421739769735
452.1837460757298
468.8765512816718
443.6403243972922
441.40485787458357
440.49473212717135
440.51481908684195
439.6523534199748
447.9545393045398
443.94457728753184
457.16088029902534
467.19765292455486
438.7485173587054
431.48555506082664
484.99393463898326
433.06004912279013
454.0504168219044
478.90309607315515
438.12489296313885
449.3259645342547
435.2086228076681
465.79522237321515
447.5751269120447
482.78110002670894
434.0615882927361
446.8505811307091
463.4731860862717
464.4404972644431
437.80485521607955
461.3254010701888
431.5575439902152
451.4499420420723
469.80817858316857
464.72452042773733
454.80609439055706
479.05411860098076
469.9696416289916
449.3932208930812
466.63586717931264
432.14600489990596
456.09777152576777
455.74733883409476
484.3322914667647
465.06722882704935
482.41301441436275
477.3688193379787
443.156901815349
459.5054190677628
466.806791427291
475.7021083629461
484.1575870144577
465.61681791860667
486.80942289024915
461.57254782841807
483.657981521017
434.49973394752976
441.4129379366308
467.8348398686802
431.35345864021724
450.66248465571516
433.91808655478906
484.06883136856914
437.1911117310234
481.867702820877
442.9838701510236
445.1967567009344
452.1115631708383
472.6791770664363
445.7649799015379
443.67198858965344
444.4743429420271
459.98664604516307
432.2390586535903
441.01333529736
469.255344644415
441.70636350479634
468.3207287992641
450.84354071314567
437.37399679777354
458.76346011640237
433.3620806224791
